822.744620527266
837.1044716408451
770.6641139766172
700.3045779130258
655.3942515521858
663.7099869525993
579.2881206713835
834.3390226151558
719.9771797256374
623.0536223142327
756.3005634540806
822.744620527266
837.1044716408451
770.6641139766172
700.3045779130258
655.3942515521858
663.7099869525993
579.2881206713835
834.3390226151558
719.9771797256374
623.0536223142327
756.3005634540806
1026.76212705051
847.8531047875972
716.9321407426459
747.920443349839
894.4528351944388
695.6269916527302
604.6128656854319
544.8066591434703
627.0400927165051
822.744620527266
837.1044716408451
770.6641139766172
700.3045779130258
655.3942515521858
663.7099869525993
579.2881206713835
834.3390226151558
719.9771797256374
623.0536223142327
756.3005634540806
822.744620527266
837.1044716408451
770.6641139766172
700.3045779130258
655.3942515521858
663.7099869525993
579.2881206713835
834.3390226151558
719.9771797256374
623.0536223142327
756.3005634540806
1026.76212705051
847.8531047875972
716.9321407426459
747.920443349839
894.4528351944388
695.6269916527302
604.6128656854319
544.8066591434703
627.0400927165051
791.5145730182467
627.0400927165051
674.4014597010112
565.9464946015847
453.0390733233423
647.207664841426
509.7544680822726
488.9534940255658
514.8789204292648
514.8789204292648
514.8789204292648
