571.6010767565232
455.39948665402574
434.6338275562744
654.2745777648221
650.656651289838
518.5252501925868
650.656651289838
434.6338275562744
654.2745777648221
518.5252501925868
571.6010767565232
455.39948665402574
610.7185840663177
646.4613383882572
586.1369724314286
575.6848733333941
509.83908174477557
774.9905597823533
587.4671435618442
423.514931307554
535.3012272154749
796.4165724426832
413.5832773178608
596.824654592765
554.8589859568449
514.8789204292648
611.0027663015999
771.0517363565042
441.48731280681386
556.7706489337811
536.5313646464319
567.4256458526235
712.2983681228043
698.4162678010974
523.4124919752404
769.9760230469261
506.52980379621613
660.4222971785858
524.9944685021844
847.9952030724917
797.0156187934399
571.6010767565232
455.39948665402574
434.6338275562744
654.2745777648221
650.656651289838
518.5252501925868
650.656651289838
434.6338275562744
654.2745777648221
518.5252501925868
571.6010767565232
455.39948665402574
610.7185840663177
646.4613383882572
586.1369724314286
575.6848733333941
509.83908174477557
774.9905597823533
587.4671435618442
423.514931307554
535.3012272154749
796.4165724426832
413.5832773178608
596.824654592765
554.8589859568449
514.8789204292648
611.0027663015999
771.0517363565042
441.48731280681386
556.7706489337811
536.5313646464319
567.4256458526235
712.2983681228043
698.4162678010974
523.4124919752404
769.9760230469261
506.52980379621613
660.4222971785858
524.9944685021844
847.9952030724917
797.0156187934399
764.8101572331514
779.1532451800672
621.5415323409709
487.71004169242985
470.175264074602
609.8034546583623
690.8626266345119
540.8259089244199
500.1376367738946
619.2627294978513
546.5031875962445
615.9587533746142
515.8827169609426
706.4235973826196
